Silent Way Calibration Data
version: 1
0 -0.73534209
1 -0.72192931
2 -0.70771891
3 -0.69266355
4 -0.67671293
5 -0.65981382
6 -0.64190990
7 -0.62369972
8 -0.61100680
9 -0.59755909
10 -0.58331174
11 -0.56821716
12 -0.55222505
13 -0.53528202
14 -0.51733148
15 -0.49893394
16 -0.48619723
17 -0.47270319
18 -0.45840675
19 -0.44326019
20 -0.42721298
21 -0.41021153
22 -0.39219916
23 -0.37381801
24 -0.36113566
25 -0.34769917
26 -0.33346370
27 -0.31838176
28 -0.30240300
29 -0.28547406
30 -0.26753852
31 -0.24907850
32 -0.23640265
33 -0.22297305
34 -0.20874490
35 -0.19367069
36 -0.17770012
37 -0.16077989
38 -0.14285354
39 -0.12428287
40 -0.11161159
41 -0.09818683
42 -0.08396380
43 -0.06889501
44 -0.05293019
45 -0.03601605
46 -0.01809615
47 0.00055925
48 0.01320796
49 0.02660881
50 0.04080651
51 0.05584845
52 0.07178483
53 0.08866884
54 0.10655683
55 0.12532009
56 0.13795981
57 0.15135111
58 0.16553870
59 0.18056993
60 0.19649497
61 0.21336696
62 0.23124221
63 0.25011364
64 0.26275522
65 0.27614847
66 0.29033816
67 0.30537158
68 0.32129896
69 0.33817342
70 0.35605127
71 0.37499222
72 0.38761240
73 0.40097994
74 0.41514239
75 0.43014696
76 0.44604373
77 0.46288580
78 0.48072934
79 0.49963391
80 0.51240021
81 0.52578235
82 0.53996021
83 0.55498117
84 0.57089531
85 0.58775574
86 0.60561877
87 0.62454396
88 0.63733977
89 0.65071756
90 0.66489083
91 0.67990690
92 0.69581592
93 0.71267086
94 0.73052812
95 0.74944717
96 0.76217890
97 0.77544796
98 0.78950602
99 0.80440003
100 0.82017970
101 0.83689767
102 0.85460973
103 0.87337506
104 0.88645965
105 0.89968139
106 0.91368937
107 0.92853028
108 0.94425368
109 0.96091205
110 0.97856092
111 0.99725932
